2172.4562 310.3969 78.0399 250.5355 0.7 0
1674.4562 708.3969 78.0399 250.5355 0.5 0
1201.4562 742.3969 78.0399 250.5355 4.983185 0
954.4562 868.3969 78.0399 250.5355 3.883185 0
2684.4733 1947.9565 81.4428 327.9107 2.483185 0
1778.9911 1359.9712 64.3218 240.5858 4.783185 0
2069.9911 788.9712 64.3218 240.5858 2.2 0
2650.649 281.8477 63.9504 231.6281 5.883185 0
2400.1649 99.6055 64.7812 242.7367 1.8 0
2278.9911 1461.9712 64.3218 240.5858 1.4 0
2887.9465 1528.689 90.2704 268.0798 0.9 1
2116.5927 1539.3585 64.0796 249.5543 1.4 1
1386.5927 1830.3585 64.0796 249.5543 2.7 1
2354.5927 1325.3585 64.0796 249.5543 3.9 1
2223.9465 147.689 90.2704 268.0798 5.883185 1
