2567.5488 1318.1585 61.0 209.0 4.063185 0
2421.9346 1526.3737 63.3335 218.087 4.183185 0
1375.9346 795.3737 63.3335 218.087 3.7 0
3190.9346 1349.3737 63.3335 218.087 1.5 0
2174.9346 347.3737 63.3335 218.087 1.1 0
1612.7742 1647.0772 58.5732 196.3926 5.683185 0
1353.9346 572.3737 63.3335 218.087 3.783185 0
2621.9346 1880.3737 63.3335 218.087 2.883185 0
1258.9346 1405.3737 63.3335 218.087 5.8 0
2592.9346 1498.3737 63.3335 218.087 5.583185 0
1501.6073 1409.2152 86.52 256.6965 4.483185 1
3072.2629 994.3993 56.4989 240.5507 2.383185 1
3040.7117 1233.7767 53.3915 195.7776 3.683185 1
2335.6073 1902.6585 46.8053 217.4271 1.8 1
1594.4495 1727.7616 41.1993 223.9416 4.883185 1
1452.2382 1628.4207 55.5805 205.1152 4.483185 1
3070.2629 992.3993 56.4989 240.5507 2.383185 1
3222.2629 1263.3993 56.4989 240.5507 3.183185 1
3362.2629 1088.3993 56.4989 240.5507 2.783185 1
2567.2629 364.3993 56.4989 240.5507 5.066371 1
2291.5193 609.2338 52.5884 215.5199 5.366371 1
1634.3541 562.6558 56.1201 170.0595 6.066371 1
1302.9346 1186.3737 63.3335 218.087 4.5 0
