2359.9015 1340.2403 58.3566 306.0622 5.183185 0
2573.3555 927.8063 62.0523 248.3585 0.5 0
1746.6832 472.4843 66.0895 203.9169 4.783185 0
1987.8409 865.5285 50.6023 253.2042 5.583185 0
1793.9015 1764.2403 58.3566 306.0622 2.083185 0
2357.9015 1338.2403 58.3566 306.0622 5.183185 0
1927.1937 1229.5164 47.6103 261.713 3.683185 1
2727.1937 1800.5164 47.6103 261.713 1.283185 1
2037.6568 1569.564 47.9507 177.9673 5.983185 1
3023.9766 1105.9096 58.0056 254.7407 0.983185 1
1872.1937 971.5164 47.6103 261.713 1.883185 1
2290.1937 770.5164 47.6103 261.713 1.983185 1
2646.0467 962.356 61.1952 263.5582 2.983185 1
2500.1937 834.5164 47.6103 261.713 4.883185 1
2267.1937 913.5164 47.6103 261.713 5.483185 1
2588.4309 1240.1366 55.3224 287.2477 2.083185 1
2351.1937 1109.5164 47.6103 261.713 5.983185 1
1502.9801 1779.2701 50.0831 224.2326 2.383185 1
