2015.1114 1051.4866 88.4499 391.0692 2.2 0
2281.9185 1492.4781 96.778 428.809 0.9 1
1781.3221 1376.1276 77.0419 313.0102 3.3 0
2060.3221 1477.1276 85.2573 312.2972 3.3 0
2711.0383 1302.0997 86.9173 316.9212 1.5 0
2520.6135 1177.1724 65.0185 296.0414 5.783185 0
1669.4976 2019.3312 84.1108 368.1417 5.4 1
1524.9242 1541.5957 84.7294 346.087 1.016815 1
1587.034 1393.4916 70.2437 301.0096 4.4 1
1456.69 1180.7498 93.9956 323.4866 3.9 1
1625.8939 730.1802 85.218 364.1861 2.0 1
2040.8939 1678.6802 70.2547 293.5525 2.0 1
